   0.0273347658
   0.0285184048
   0.0215037807
   0.0309774033
   0.0090127257
   0.0087684478
   0.0113726289
   0.0096052480
   0.0247052395
   0.0139811990
   0.0288443540
   0.0184934205
   0.0114333203
  -0.0091839813
  -0.0214133039
  -0.0172953354
  -0.0332651472
  -0.0203020843
  -0.0322791695
  -0.0330144840
  -0.0047080109
  -0.0347244203
  -0.0183951398
  -0.0097167472
  -0.0256641201
  -0.0167012376
  -0.0126558967
   0.0041977803
   0.0055023944
   0.0188810439
   0.0027398811
   0.0097803705
  -0.0022321560
   0.0018937683
   0.0023948418
   0.0166438022
   0.0054704302
   0.0076446162
   0.0090808074
   0.0014495545
   0.0053176529
  -0.0014722009
  -0.0046613407
   0.0148572985
   0.0048480346
  -0.0024794602
   0.0074811691
  -0.0250901035
  -0.0290102369
  -0.0401753788
  -0.0339655342
  -0.0423473886
  -0.0465457865
  -0.0387336910
  -0.0414529125
  -0.0473490766
  -0.0462111162
  -0.0406149018
  -0.0457230760
  -0.0401097664
  -0.0229653940
  -0.0376231583
  -0.0325158716
  -0.0205703753
   0.0012240818
  -0.0005952046
   0.0132143585
   0.0008859684
   0.0032791708
   0.0197039484
   0.0037286952
   0.0056506003
   0.0165779958
  -0.0035317693
   0.0196860948
  -0.0007171500
   0.0095735004
  -0.0291403009
  -0.0378755049
  -0.0465871657
  -0.0368449315
  -0.0513776173
  -0.0537449665
  -0.0496261604
  -0.0448547893
  -0.0541954746
  -0.0553009871
  -0.0528319057
  -0.0399748331
  -0.0497710124
  -0.0525902565
  -0.0477120624
  -0.0345867683
  -0.0433966521
  -0.0304490507
  -0.0222172658
   0.0040265659
   0.0032652544
   0.0134251651
   0.0029449657
   0.0026491876
   0.0047247413
   0.0096170370
   0.0003668958
   0.0094642832
   0.0119608130
   0.0029812078
   0.0035206677
  -0.0022169801
  -0.0017354081
   0.0041915990
   0.0056129339
   0.0035829007
  -0.0378040039
   0.0028667992
  -0.0009014276
  -0.0029601900
   0.0296242413
   0.0353349864
   0.0315790449
   0.0303213150
   0.0496568171
   0.0366854839
   0.0320621613
   0.0300938916
   0.0375173824
   0.0307095819
   0.0375895734
   0.0222113632
   0.0028637441
   0.0274079039
   0.0205685518
   0.0096328786
  -0.0082833619
  -0.0026520885
   0.0233085796
   0.0175534235
   0.0120249819
   0.0179932236
   0.0246611873
   0.0200832582
   0.0183630720
   0.0222486810
   0.0150800209
   0.0072971477
   0.0165003691
   0.0226895951
   0.0258189101
   0.0198243138
   0.0069563968
  -0.0188773283
   0.0050111098
   0.0365474616
   0.0255945703
   0.0440322470
   0.0252039514
   0.0360205385
   0.0441866817
   0.0260263392
   0.0365762242
   0.0371494020
   0.0272772548
  -0.0097338439
   0.0021773718
   0.0103028628
   0.0048204081
  -0.0170429619
   0.0101932925
   0.0046869857
  -0.0190667596
   0.0012779373
   0.0056884815
   0.0055504953
   0.0024400663
  -0.0032552821
   0.0063518104
   0.0070998906
  -0.0148846956
   0.0022303101
   0.0083146077
   0.0081563449
  -0.0238097954
   0.0009634234
  -0.0248088471
  -0.0003498187
  -0.0258994300
  -0.0096744030
   0.0033994483
   0.0085994832
   0.0052320396
   0.0041501413
   0.0010706713
   0.0073398187
   0.0067009389
   0.0065093350
   0.0026681509
   0.0008669528
   0.0022264406
   0.0026498678
  -0.0041470957
   0.0009130611
   0.0031188880
   0.0033563830
  -0.0027093138
  -0.0187336023
  -0.0066475949
  -0.0378385458
   0.0043599108
  -0.0055913866
  -0.0330139767
   0.0022332915
   0.0034124570
  -0.0019492898
  -0.0188121566
   0.0009372442
   0.0018161680
   0.0026271020
  -0.0050471319
   0.0014896628
   0.0023006466
  -0.0211014749
  -0.0041571682
  -0.0228953180
  -0.0013823264
   0.0043587020
  -0.0265720928
  -0.0023857392
   0.0036612865
  -0.0068286471
   0.0224111702
   0.0246991758
   0.0320846280
   0.0233187621
   0.0177061570
   0.0238074328
   0.0252547841
   0.0086446440
   0.0075278328
   0.0108880912
   0.0074607319
   0.0188560910
   0.0102421363
   0.0334357447
   0.0141231453
   0.0220128270
   0.0134823767
   0.0090704906
  -0.0053912608
  -0.0132498077
  -0.0103119873
  -0.0210187864
  -0.0129030185
  -0.0233622144
  -0.0192896024
   0.0025357962
  -0.0240210427
  -0.0189626179
  -0.0151280940
  -0.0222777714
  -0.0114104345
  -0.0073070192
  -0.0162359903
  -0.0100525845
  -0.0075508382
   0.0026700121
   0.0028806746
   0.0107736412
   0.0006675627
   0.0056717936
  -0.0034321660
   0.0006647752
   0.0027904073
   0.0096235042
   0.0037431187
   0.0054842203
   0.0053876666
   0.0024503074
   0.0015857349
  -0.0019165214
  -0.0056834205
   0.0084749301
   0.0030234421
  -0.0034369695
   0.0035995195
  -0.0179498960
  -0.0196844423
  -0.0289560516
  -0.0245124753
  -0.0305492438
  -0.0349016777
  -0.0287058424
  -0.0287748760
  -0.0360923318
  -0.0363243329
  -0.0277168879
  -0.0356035542
  -0.0362430154
  -0.0279409527
  -0.0338268450
  -0.0295692610
  -0.0137068182
  -0.0262533734
  -0.0230376452
  -0.0140681701
   0.0009846647
  -0.0025906952
   0.0078057839
  -0.0011333823
   0.0005966570
   0.0110441264
   0.0030739546
   0.0012863611
   0.0093509495
  -0.0045490589
  -0.0022787393
  -0.0126995965
   0.0045789217
  -0.0215191377
  -0.0273004640
  -0.0347131044
  -0.0267992188
  -0.0385915152
  -0.0416479922
  -0.0371043142
  -0.0403623700
  -0.0442098229
  -0.0435755082
  -0.0378050490
  -0.0396078027
  -0.0437425891
  -0.0430670672
  -0.0368886343
  -0.0369612690
  -0.0400824878
  -0.0343637875
  -0.0246580260
  -0.0315354688
  -0.0208936202
  -0.0160677379
   0.0032924600
   0.0016506180
   0.0076695131
  -0.0002163578
   0.0024026675
   0.0024154305
   0.0072961812
   0.0080998463
   0.0074233438
   0.0085655204
   0.0063221121
   0.0002989083
   0.0015822414
  -0.0033245137
   0.0010332851
   0.0026736391
   0.0018954790
   0.0021745138
  -0.0036745587
   0.0256959554
   0.0288699925
   0.0267057094
   0.0257060846
   0.0376392373
   0.0302757729
   0.0274706416
   0.0258066649
   0.0381708444
   0.0309711837
   0.0273012179
   0.0255846956
   0.0399489001
   0.0313245990
   0.0264855296
   0.0306302427
   0.0198479569
   0.0105884827
  -0.0047153242
   0.0224642088
   0.0174615992
   0.0101345241
  -0.0007082203
  -0.0057645915
   0.0193818313
   0.0150886003
   0.0100436282
   0.0118761037
   0.0170080899
   0.0208528193
   0.0162852688
   0.0143569632
   0.0179841889
   0.0129626339
   0.0059801348
   0.0091809464
   0.0152291553
   0.0189530906
   0.0210346040
   0.0163789181
   0.0077039125
  -0.0077227527
   0.0196823638
   0.0105162747
  -0.0068080368
   0.0296197613
   0.0220912481
   0.0363653305
   0.0214492403
   0.0296243653
   0.0392169917
   0.0156672867
   0.0260020230
   0.0325103542
   0.0365102820
   0.0083604800
   0.0224790905
   0.0302875981
   0.0301177634
   0.0234504209
  -0.0012072505
   0.0059421162
  -0.0000559086
   0.0079226476
   0.0043544798
  -0.0055506441
   0.0057624299
  -0.0006667146
   0.0041389045
  -0.0029397678
   0.0029522085
   0.0035237065
   0.0016934165
  -0.0046164897
  -0.0001051597
   0.0045415439
   0.0043972836
  -0.0207931557
  -0.0051140416
   0.0030942105
   0.0058548097
   0.0049100999
  -0.0099097682
   0.0014028643
   0.0065007585
  -0.0300983183
  -0.0087520450
   0.0014566392
   0.0067463641
  -0.0126972482
  -0.0023561871
   0.0039270358
   0.0061586431
   0.0032413341
   0.0028253872
  -0.0006498938
   0.0021666599
   0.0050959470
   0.0041241803
   0.0039011090
   0.0002911562
  -0.0004857378
   0.0000150835
   0.0009586089
  -0.0022968375
  -0.0046795218
  -0.0001543078
  -0.0001089817
   0.0014066924
  -0.0009653776
  -0.0083716708
  -0.0203886011
   0.0016627678
  -0.0040139655
  -0.0164690836
   0.0012907608
  -0.0033930500
  -0.0148993112
  -0.0007269016
   0.0012651096
  -0.0006830400
  -0.0082176380
  -0.0224017232
  -0.0004990149
  -0.0003604361
   0.0008234658
  -0.0025720665
  -0.0052124821
   0.0003766867
   0.0000871477
  -0.0168181188
  -0.0076013507
  -0.0239091617
  -0.0059924117
   0.0003953531
  -0.0120106194
  -0.0016978999
   0.0022019138
  -0.0077386514
  -0.0005363855
  -0.0105982887
   0.0187864890
   0.0208999466
   0.0250752689
   0.0233417858
   0.0194545489
   0.0205733210
   0.0157593874
   0.0074073790
  -0.0112466316
   0.0201485923
   0.0223789514
   0.0212380239
   0.0080046482
   0.0069406098
   0.0100779917
   0.0064379116
   0.0151921344
   0.0083156162
   0.0257328246
   0.0101754492
   0.0209337601
   0.0066403947
   0.0287865920
   0.0176499762
   0.0107583094
   0.0078338036
  -0.0028588919
  -0.0081887482
  -0.0058290134
  -0.0078509226
  -0.0133955880
  -0.0078682576
  -0.0153277215
  -0.0125809827
  -0.0165451810
  -0.0073485635
  -0.0161230504
  -0.0121556357
  -0.0105992570
  -0.0143958476
  -0.0067547336
  -0.0050233856
  -0.0102699424
  -0.0056555248
  -0.0041769761
   0.0021155232
   0.0025406957
   0.0067371247
   0.0002573905
   0.0037838662
  -0.0029293844
   0.0005258129
   0.0029013403
   0.0061278913
   0.0035754450
   0.0047525927
   0.0038055787
   0.0030620252
   0.0000018621
  -0.0016121145
  -0.0053321424
   0.0025828640
  -0.0076878920
  -0.0033238795
   0.0019292383
  -0.0131183098
  -0.0132472415
  -0.0220151529
  -0.0185355602
  -0.0217578968
  -0.0271550407
  -0.0244429571
  -0.0193156118
  -0.0275831505
  -0.0290973256
  -0.0180795828
  -0.0270122380
  -0.0289186747
  -0.0236688342
  -0.0187195070
  -0.0259115810
  -0.0245792936
  -0.0194389688
  -0.0173433563
  -0.0097252940
   0.0003566727
   0.0047164067
  -0.0006411697
   0.0067456150
   0.0020993733
  -0.0007486631
   0.0054182138
  -0.0045835640
  -0.0027813276
  -0.0091740574
   0.0020308368
  -0.0163749735
  -0.0206346589
  -0.0274424811
  -0.0203141404
  -0.0267287142
  -0.0332817461
  -0.0326619117
  -0.0247658436
  -0.0286186923
  -0.0350442250
  -0.0362454250
  -0.0336781316
  -0.0345731405
  -0.0358027767
  -0.0330353770
  -0.0253625206
  -0.0319326090
  -0.0308736200
  -0.0187266645
  -0.0246507061
  -0.0120232969
   0.0023155545
   0.0011031976
   0.0048139607
  -0.0009454567
   0.0018605098
   0.0014971437
   0.0007504340
  -0.0056582797
   0.0054167114
  -0.0130274346
  -0.0008191268
   0.0042770760
   0.0059832596
   0.0053452654
   0.0057184105
   0.0040821726
  -0.0004612957
   0.0007745273
  -0.0034287593
  -0.0004924970
   0.0005254529
   0.0003124795
   0.0008490910
  -0.0005724914
  -0.0061092965
  -0.0204362935
   0.0000250085
  -0.0037445424
   0.0228650190
   0.0256365947
   0.0234880724
   0.0320386497
   0.0263534402
   0.0240476725
   0.0225683021
   0.0326629186
   0.0269323258
   0.0239703691
   0.0224742641
   0.0338739432
   0.0272151658
   0.0234772631
   0.0272160795
   0.0096774253
  -0.0028924866
   0.0201746506
   0.0153235531
   0.0089469079
  -0.0004062922
  -0.0093164036
   0.0169118808
   0.0122587079
   0.0072206693
   0.0092530495
   0.0146070116
   0.0187267217
   0.0136476741
   0.0116206877
   0.0153494092
   0.0100925410
   0.0031437962
   0.0065586409
   0.0127256837
   0.0166077879
   0.0186451193
   0.0142263769
   0.0069599301
  -0.0057529339
   0.0097021220
  -0.0041400135
   0.0256938109
   0.0183670805
   0.0319729983
   0.0078315492
   0.0191604418
   0.0258523658
   0.0346134497
   0.0145842995
   0.0226990709
   0.0282953068
   0.0320212428
   0.0094293007
   0.0199732081
   0.0263516138
   0.0260813879
   0.0195561692
  -0.0019787381
   0.0033511185
  -0.0031302387
   0.0052494084
   0.0013384960
  -0.0090926294
   0.0030845959
  -0.0039985165
  -0.0037400084
   0.0012970741
   0.0022154694
   0.0004481580
  -0.0062281679
  -0.0019298061
   0.0027355822
   0.0029208245
  -0.0129136215
  -0.0022886388
   0.0028381075
   0.0043480843
  -0.0205066591
  -0.0049427178
   0.0022804181
  -0.0179592677
  -0.0045844586
   0.0022878083
  -0.0176833548
  -0.0084303870
  -0.0007166746
   0.0034022443
   0.0047097554
   0.0018998315
   0.0015753277
  -0.0022734798
   0.0003177448
   0.0033724038
   0.0027498665
   0.0023047515
  -0.0010780980
  -0.0015365065
  -0.0011699321
  -0.0005299438
  -0.0038083220
  -0.0059360118
  -0.0011277760
   0.0000845662
  -0.0010108409
  -0.0056673895
  -0.0147463459
  -0.0024701834
  -0.0104196212
  -0.0273365267
   0.0005986398
  -0.0023039509
  -0.0094157932
  -0.0255198581
  -0.0001979180
  -0.0009158396
  -0.0054027219
  -0.0151845863
  -0.0014740662
  -0.0015008766
  -0.0006402466
  -0.0040325855
  -0.0063335848
  -0.0003238784
  -0.0011595578
  -0.0080522695
  -0.0089765966
  -0.0019983954
  -0.0153893246
  -0.0045413367
  -0.0001544515
  -0.0108706977
  -0.0028873907
  -0.0107725778
   0.0158493697
   0.0202716156
   0.0196359971
   0.0196865639
   0.0167261769
   0.0176663068
   0.0135330998
   0.0066565674
  -0.0076046685
   0.0180428570
   0.0140013105
   0.0175577636
   0.0192061679
   0.0244205995
   0.0180643185
   0.0072123236
   0.0101167734
   0.0063715405
   0.0091220248
   0.0057870119
   0.0126064780
   0.0071305531
   0.0205494148
   0.0080633814
   0.0164160192
   0.0077235148
   0.0229184708
   0.0106056802
   0.0145683184
   0.0057886539
   0.0090376588
   0.0069999184
  -0.0012359831
  -0.0050191260
  -0.0030110741
  -0.0052646852
  -0.0085688390
  -0.0045293834
  -0.0105875368
  -0.0065723181
  -0.0100192231
  -0.0105052500
  -0.0020858927
  -0.0103699884
  -0.0104612560
  -0.0015002737
  -0.0110319026
  -0.0058668916
  -0.0073282927
  -0.0093231062
  -0.0036762106
  -0.0032827717
  -0.0064485638
  -0.0028237781
  -0.0020032560
   0.0017981458
   0.0025920548
   0.0002350728
   0.0026984947
   0.0006533796
   0.0027157621
   0.0040418795
   0.0035513500
   0.0043383647
   0.0028812976
   0.0032530320
  -0.0006826516
  -0.0012147744
  -0.0047081089
   0.0024793533
  -0.0050829765
  -0.0029408239
   0.0011724030
  -0.0098141151
  -0.0093539121
  -0.0163203068
  -0.0140964359
  -0.0151136956
  -0.0203953881
  -0.0200094719
  -0.0125389646
  -0.0207438610
  -0.0230729740
  -0.0201871650
  -0.0195315467
  -0.0232753741
  -0.0228411500
  -0.0196105915
  -0.0225920423
  -0.0205971730
  -0.0114345603
  -0.0187230368
  -0.0194653099
  -0.0151370107
  -0.0137762317
  -0.0128137057
  -0.0068051934
  -0.0003168006
   0.0027447702
  -0.0013310186
   0.0043137837
   0.0011744998
  -0.0017365223
   0.0030416434
  -0.0043635763
  -0.0029225391
  -0.0070248118
   0.0006290985
  -0.0128626614
  -0.0159626913
  -0.0212215940
  -0.0157236799
  -0.0247956217
  -0.0266847162
  -0.0238608732
  -0.0265658296
  -0.0294502161
  -0.0288963670
  -0.0246438680
  -0.0281228529
  -0.0302081440
  -0.0296445206
  -0.0261977680
  -0.0257820971
  -0.0287531029
  -0.0280282340
  -0.0231951195
  -0.0234872612
  -0.0250729013
  -0.0213062509
  -0.0142913844
  -0.0186322898
   0.0013930206
   0.0007981403
   0.0031543913
   0.0012891340
   0.0009747728
   0.0002788190
  -0.0038895748
   0.0034289363
  -0.0070208803
   0.0004277650
   0.0035237873
   0.0043510877
   0.0008976608
   0.0036593281
   0.0044790052
   0.0039889763
   0.0035794682
   0.0026842068
  -0.0006110170
   0.0003295344
  -0.0033220638
  -0.0107344093
  -0.0049256968
  -0.0011724120
  -0.0005027304
  -0.0003548149
  -0.0009065854
  -0.0039912634
  -0.0118221527
  -0.0005177289
  -0.0008132771
  -0.0017822719
  -0.0063827914
  -0.0036634104
   0.0207438082
   0.0270235423
   0.0229929027
   0.0211967339
   0.0199513557
   0.0276376122
   0.0234693611
   0.0213874122
   0.0200261634
   0.0282139769
   0.0237788279
   0.0212318685
   0.0288487277
   0.0238986300
   0.0209638865
   0.0236943401
  -0.0029191165
   0.0152821290
   0.0093699522
   0.0009897927
   0.0172665608
   0.0131148268
   0.0078075715
   0.0008278746
  -0.0045507430
   0.0145556470
   0.0104400417
   0.0064580285
   0.0080612409
   0.0126373397
   0.0160991108
   0.0116777662
   0.0096275427
   0.0128771756
   0.0082808383
   0.0029215408
   0.0055086318
   0.0107260865
   0.0140208337
   0.0157149527
   0.0118117669
   0.0056710380
  -0.0039527392
   0.0146026316
   0.0086730655
  -0.0009503224
   0.0270074150
   0.0157492689
   0.0217448227
   0.0304002075
   0.0134794811
   0.0199228948
   0.0247606709
   0.0303550271
   0.0138791131
   0.0201753404
   0.0249096445
   0.0270637964
   0.0166211872
   0.0222541964
   0.0219609709
   0.0164079480
   0.0021526557
  -0.0030644342
   0.0031984741
  -0.0007860584
   0.0030998545
  -0.0010038312
   0.0017212240
  -0.0040966044
  -0.0034445902
   0.0002350689
   0.0013611530
  -0.0004062868
  -0.0054098587
  -0.0024671925
   0.0013651650
   0.0018693222
  -0.0107856287
  -0.0027835450
   0.0014873967
   0.0029072199
   0.0020797059
  -0.0102599328
  -0.0019833634
   0.0022181331
  -0.0128921424
  -0.0082912841
  -0.0013454040
   0.0025344038
  -0.0122501461
  -0.0067775754
  -0.0011458421
   0.0021555607
   0.0032176686
   0.0012072734
   0.0007564501
  -0.0021791623
  -0.0004215371
   0.0020815163
   0.0018484657
   0.0012573600
  -0.0019090336
  -0.0019361872
  -0.0017659058
  -0.0015286984
  -0.0040983954
  -0.0054053465
  -0.0018251823
  -0.0009611940
  -0.0018531415
  -0.0054740450
  -0.0118419038
  -0.0017740288
  -0.0059937048
  -0.0142629688
  -0.0067919432
  -0.0176342330
  -0.0005437675
  -0.0017589928
  -0.0055697832
  -0.0135985137
  -0.0011803464
  -0.0018205542
  -0.0053834134
  -0.0123381459
  -0.0018119858
  -0.0020003594
  -0.0016201694
  -0.0042604071
  -0.0055497410
  -0.0010712544
  -0.0018982737
  -0.0075233917
  -0.0087421486
  -0.0029627037
  -0.0164674914
  -0.0064229186
  -0.0019010027
  -0.0178138990
  -0.0069777819
  -0.0022090756
  -0.0107402168
  -0.0039044869
  -0.0098142572
