   3.9470833135   -0.4425699377    1.6467034066
   5.2815409673    1.4426753976   -0.1719499414
   4.6150192816    2.1950228547   -0.1719499414
   3.9470833135   -0.4425699377   -1.9906032893
   2.2402734895   -0.3760328863    1.9348211449
   1.7152734895    0.5332937877   -1.9838322030
   2.2402734895   -0.3760328863   -2.2651788551
   2.1866347925   -1.7005525428    1.8358711997
   3.2366347925   -1.7005525428    1.5545245477
   2.7116347925   -2.6098792168    1.5545245477
   3.2366347925   -1.7005525428   -2.0827821482
   2.7116347925   -2.6098792168   -2.0827821482
   2.1866347925   -1.7005525428   -2.3641288003
   0.9733282318   -2.1934881565    1.8713332413
   0.4483282318   -3.1028148305    1.5899865892
   1.4983282318   -3.1028148305    1.5899865892
   0.7145068748   -3.9936302357    0.8213332413
   1.7288241360   -3.8477934303    0.8213332413
   0.2286579691   -4.1570222661   -0.2286667587
   1.2264552604   -4.2781767921   -0.2286667587
   2.1662642000   -3.9217542749   -0.2286667587
   0.7145068748   -3.9936302357   -1.2786667587
   1.7288241360   -3.8477934303   -1.2786667587
  -0.0766717682   -2.1934881565   -2.0473201067
   0.4483282318   -3.1028148305   -2.0473201067
   1.4983282318   -3.1028148305   -2.0473201067
   0.9733282318   -2.1934881565   -2.3286667587
   0.1900453810   -1.1069355422    2.0029246019
   1.2400453810   -1.1069355422    1.7215779498
  -0.3349546190   -0.1976088683    1.7215779498
  -0.3349546190   -2.0162622162    1.7215779498
  -0.3349546190   -0.1976088683   -1.9157287461
  -0.3349546190   -2.0162622162   -1.9157287461
   0.1900453810   -1.1069355422   -2.1970753981
   0.9236313256    0.0337617980    2.0459156436
  -0.1263686744    0.0337617980    1.7645689915
   1.4486313256   -0.8755648759    1.7645689915
   1.4486313256    0.9430884720   -1.8727377044
  -0.1263686744    0.0337617980   -1.8727377044
   0.9236313256    0.0337617980   -2.1540843564
   0.3420748831    1.3357807320    2.1822340754
   1.3920748831    1.3357807320    1.9008874234
  -0.1829251169    2.2451074060    1.9008874234
  -0.1829251169    0.4264540580    1.9008874234
   1.3920748831    1.3357807320   -1.7364192725
  -0.1829251169    2.2451074060   -1.7364192725
   0.3420748831    1.3357807320   -2.0177659246
   0.9460821676    2.3739054506    2.0859224437
   1.9260821676    2.3739054506    1.8233322351
   1.4360821676    3.2226103463    1.8233322351
   0.4560821676    3.2226103463    1.8233322351
   2.3193155353    3.3716178931    1.1059224437
   1.4706106395    3.9882380936    1.1059224437
   0.4215536956    3.9882380936    1.1059224437
   2.6434919590    3.3539054506    0.1259224437
   1.9260821676    4.0713152420    0.1259224437
   0.9460821676    4.3339054506    0.1259224437
   2.3193155353    3.3716178931   -0.8540775563
   1.4706106395    3.9882380936   -0.8540775563
   0.4215536956    3.9882380936   -0.8540775563
   1.9260821676    2.3739054506   -1.5714873477
   1.4360821676    3.2226103463   -1.5714873477
   0.4560821676    3.2226103463   -1.5714873477
   0.9460821676    2.3739054506   -1.8340775563
  -1.0492533288    1.2704809843    2.2614832750
  -0.5242533288    2.1798076583    1.9801366230
  -0.5242533288    0.3611543103    1.9801366230
  -0.5242533288    2.1798076583   -1.6571700729
  -2.0992533288    1.2704809843   -1.6571700729
  -0.5242533288    0.3611543103   -1.6571700729
  -1.0492533288    1.2704809843   -1.9385167250
  -1.8232612236    0.1149645413    2.2197124536
  -0.7732612236    0.1149645413    1.9383658016
  -2.3482612236   -0.7943621327    1.9383658016
  -0.7732612236    0.1149645413   -1.6989408943
  -2.3482612236    1.0242912152   -1.6989408943
  -1.8232612236    0.1149645413   -1.9802875464
  -3.0178699144    0.1732698868    2.1572153424
  -3.5078699144    1.0219747825    1.8946251338
  -3.9978699144    0.1732698868    1.8946251338
  -3.5078699144   -0.6754350089    1.8946251338
  -4.3911032821    1.1709823293    1.1772153424
  -4.7152797058    0.1732698868    1.1772153424
  -4.3911032821   -0.8244425557    1.1772153424
  -3.9978699144    1.8706796782    0.1972153424
  -4.7152797058    1.1532698868    0.1972153424
  -4.9778699144    0.1732698868    0.1972153424
  -4.7152797058   -0.8067301132    0.1972153424
  -3.9978699144   -1.5241399046    0.1972153424
  -4.3911032821    1.1709823293   -0.7827846576
  -4.7152797058    0.1732698868   -0.7827846576
  -4.3911032821   -0.8244425557   -0.7827846576
  -3.5078699144    1.0219747825   -1.5001944491
  -3.9978699144    0.1732698868   -1.5001944491
  -3.5078699144   -0.6754350089   -1.5001944491
  -3.0178699144    0.1732698868   -1.7627846576
  -1.1763331001   -1.0877556954    2.0874062302
  -0.6513331001   -1.9970823693    1.8060595782
  -0.6513331001   -0.1784290214   -1.8312471177
  -0.6513331001   -1.9970823693   -1.8312471177
  -1.1763331001   -1.0877556954   -2.1125937698
  -0.9293319821   -2.3043280307    1.7619216384
  -2.2381533392   -4.1044701098    0.9932682905
  -4.0183097987   -2.8068909257   -0.0567317095
  -3.5512045533   -3.6968856130   -0.0567317095
  -2.7240022449   -4.2678621403   -0.0567317095
  -0.9293319821   -2.3043280307   -1.8753850575
  -1.4543319821   -3.2136547046   -1.8753850575
  -0.7508256372    2.5189152193    2.1221659130
  -1.2758256372    3.4282418933    2.1221659130
  -2.0596469943    4.3190572984    1.3535125650
  -2.5454959000    4.4824493289    0.3035125650
  -3.3726982083    3.9114728016    0.3035125650
  -3.8398034538    2.0163523243    0.3035125650
  -2.0596469943    4.3190572984   -0.7464874350
  -0.7508256372    2.5189152193   -1.5151407829
  -1.2758256372    3.4282418933   -1.5151407829
   5.2796512527   -0.1667951572    1.0850917903
   4.5973198906   -1.1059437078    1.0850917903
   5.8899469762   -0.1667951572    0.2450917903
   5.5161386487    0.8602347820    0.2450917903
   4.5696227368   -1.7402963130    0.2450917903
   5.5161386487   -1.1938250965    0.2450917903
   5.8899469762   -0.1667951572   -0.7932053108
   5.5161386487    0.8602347820   -0.7932053108
   5.5161386487   -1.1938250965   -0.7932053108
   5.2796512527   -0.1667951572   -1.6332053108
   4.5973198906   -1.1059437078   -1.6332053108
   4.6027982861    2.1884528164   -0.4789551475
   3.6562823742    2.7349240329   -0.4789551475
   4.9766066137    1.1614228771   -1.5172522486
   4.6027982861    2.1884528164   -1.5172522486
   3.6562823742    2.7349240329   -1.5172522486
   2.5799441926    2.5451365711   -1.5172522486
   1.8774143386    1.7078940936   -1.5172522486
   4.3663108902    1.1614228771   -2.3572522486
   3.6839795281    2.1005714277   -2.3572522486
   2.5799441926    1.7418486019   -2.3572522486
   2.5799441926    0.5809971524   -2.3572522486
   3.6839795281    0.2222743266   -2.3572522486
   3.3788316663    1.1614228771   -2.6781036980
   3.4854129737    1.0261388070    2.4300320740
   4.4728921976    1.0261388070    2.1091806245
   3.7905608355    1.9652873576    2.1091806245
   2.6865255001    1.6065645318    2.1091806245
   2.6865255001    0.4457130823    2.1091806245
   3.7905608355    0.0869902565    2.1091806245
   5.0831879211    1.0261388070    1.2691806245
   4.7093795935    2.0531687463    1.2691806245
   3.7628636817    2.5996399628    1.2691806245
   2.6865255001    2.4098525010    1.2691806245
   3.7628636817    2.5996399628    0.2308835234
   4.0592103505   -2.2960374801    0.9951579193
   3.3768789884   -3.2351860306    0.9951579193
   4.6695060740   -2.2960374801    0.1551579193
   3.3491818346   -3.8695386358    0.1551579193
   4.2956977464   -3.3230674193    0.1551579193
   4.6695060740   -2.2960374801   -0.8831391818
   3.3491818346   -3.8695386358   -0.8831391818
   4.2956977464   -3.3230674193   -0.8831391818
   4.0592103505   -2.2960374801   -1.7231391818
   3.3768789884   -3.2351860306   -1.7231391818
  -0.3204944841   -3.1406454654    1.1978554768
  -1.0028258461   -4.0797940159    1.1978554768
  -2.1068611816   -4.5243591594    0.3578554768
  -1.0305230000   -4.7141466211    0.3578554768
  -0.0840070881   -4.1676754046    0.3578554768
  -2.1068611816   -4.5243591594   -0.6804416243
  -1.0305230000   -4.7141466211   -0.6804416243
  -0.0840070881   -4.1676754046   -0.6804416243
  -1.0028258461   -4.0797940159   -1.5204416243
  -2.5542594284   -2.4022227786    2.5332328774
  -1.5667802045   -2.4022227786    2.2123814279
  -2.2491115666   -1.4630742281    2.2123814279
  -3.3531469021   -1.8217970539    2.2123814279
  -3.3531469021   -2.9826485033    2.2123814279
  -2.2491115666   -3.3413713292    2.2123814279
  -4.0556767561   -1.8557515621    1.3723814279
  -4.0556767561   -2.9486939951    1.3723814279
  -3.3531469021   -3.7859364726    1.3723814279
  -2.2768087204   -3.9757239344    1.3723814279
  -4.0556767561   -1.8557515621    0.3340843268
  -4.0556767561   -2.9486939951    0.3340843268
  -4.1616700153   -1.7223650014   -0.3761969509
  -4.1616700153   -2.8153074344   -0.3761969509
  -3.4591401612   -0.8851225240   -1.4144940520
  -4.1616700153   -1.7223650014   -1.4144940520
  -4.1616700153   -2.8153074344   -1.4144940520
  -3.4591401612   -3.6525499119   -1.4144940520
  -1.6727734637   -2.2688362179   -2.2544940520
  -2.3551048258   -1.3296876674   -2.2544940520
  -3.4591401612   -1.6884104932   -2.2544940520
  -3.4591401612   -2.8492619426   -2.2544940520
  -2.3551048258   -3.2079847685   -2.2544940520
  -2.6602526876   -2.2688362179   -2.5753455014
  -2.3746280961    2.5006376215    2.8989607889
  -1.3871488722    2.5006376215    2.5781093395
  -2.0694802343    3.4397861721    2.5781093395
  -3.1735155698    3.0810633462    2.5781093395
  -3.1735155698    1.9202118968    2.5781093395
  -2.0694802343    1.5614890710    2.5781093395
  -2.0971773881    4.0741387773    1.7381093395
  -3.1735155698    3.8843513155    1.7381093395
  -3.8760454238    3.0471088380    1.7381093395
  -3.8760454238    1.9541664050    1.7381093395
  -3.8760454238    3.0471088380    0.6998122384
  -3.8760454238    1.9541664050    0.6998122384
  -3.2801725722    4.0186928877   -0.0086556315
  -3.9827024263    3.1814504103   -0.0086556315
  -3.9827024263    2.0885079773   -0.0086556315
  -2.2038343906    4.2084803495   -1.0469527326
  -3.2801725722    4.0186928877   -1.0469527326
  -3.9827024263    3.1814504103   -1.0469527326
  -3.9827024263    2.0885079773   -1.0469527326
  -1.4938058747    2.6349791938   -1.8869527326
  -2.1761372368    3.5741277443   -1.8869527326
  -3.2801725722    3.2154049185   -1.8869527326
  -3.2801725722    2.0545534690   -1.8869527326
  -2.1761372368    1.6958306432   -1.8869527326
  -2.4812850985    2.6349791938   -2.2078041821
  -0.1058072993    3.3286766701    1.6818195469
  -0.7881386614    4.2678252206    1.6818195469
   0.1306800966    4.3557066093    0.8418195469
  -0.8158358153    4.9021778258    0.8418195469
  -1.8921739969    4.7123903640    0.8418195469
   0.1306800966    4.3557066093   -0.1964775542
  -0.8158358153    4.9021778258   -0.1964775542
  -1.8921739969    4.7123903640   -0.1964775542
  -0.7881386614    4.2678252206   -1.0364775542
   3.9427438004   -0.4350536806    1.9903753416
   5.2984788714    0.4667567363    1.3244255831
   4.2015661986   -1.2400726991    1.3244255831
   5.5301945870    1.4819696193    0.3621003001
   4.8809415794    2.2961071400    0.3621003001
   5.5301945870    1.4819696193   -0.7060001828
   3.9427438004   -0.4350536806   -2.3342752243
   2.2402734895   -0.3760328863    2.2348211449
   1.7196130026    0.5257775306   -2.3275041381
   2.2402734895   -0.3760328863   -2.5651788551
   2.1866347925   -1.7005525428    2.1358711997
   3.2279557664   -1.7005525428    1.8981964827
   2.7072952795   -2.6023629597    1.8981964827
   4.0630303505   -1.7005525428    1.2322467242
   2.9661176776   -3.4073819783    1.2322467242
   3.2279557664   -1.7005525428   -2.4264540832
   2.7072952795   -2.6023629597   -2.4264540832
   2.1866347925   -1.7005525428   -2.6641288003
   0.9733282318   -2.1934881565    2.1713332413
   0.4526677449   -3.0952985734    1.9336585242
   1.4939887188   -3.0952985734    1.9336585242
   0.7062893015   -4.0507847132    1.2677087657
   1.7528111169   -3.9003175919    1.2677087657
   0.4526677449   -4.4746507980    0.3053834827
   1.4939887188   -4.4746507980    0.3053834827
   2.4321864977   -4.0228385602    0.3053834827
   0.4526677449   -4.4746507980   -0.7627170002
   1.4939887188   -4.4746507980   -0.7627170002
  -0.2554495404   -3.6115733007   -1.7250422832
   0.7062893015   -4.0507847132   -1.7250422832
   1.7528111169   -3.9003175919   -1.7250422832
  -0.0679927420   -2.1934881565   -2.3909920417
   0.4526677449   -3.0952985734   -2.3909920417
   1.4939887188   -3.0952985734   -2.3909920417
   0.9733282318   -2.1934881565   -2.6286667587
   0.1900453810   -1.1069355422    2.3029246019
   1.2313663549   -1.1069355422    2.0652498848
  -0.3306151059   -0.2051251254    2.0652498848
  -0.3306151059   -2.0087459591    2.0652498848
  -0.3306151059   -0.2051251254   -2.2594006811
  -0.3306151059   -2.0087459591   -2.2594006811
   0.1900453810   -1.1069355422   -2.4970753981
   0.9236313256    0.0337617980    2.3459156436
  -0.1176896483    0.0337617980    2.1082409265
   1.4442918126   -0.8680486188    2.1082409265
   1.4442918126    0.9355722149   -2.2164096394
  -0.1176896483    0.0337617980   -2.2164096394
   0.9236313256    0.0337617980   -2.4540843564
   0.3420748831    1.3357807320    2.4822340754
   1.3833958570    1.3357807320    2.2445593584
  -0.1785856038    2.2375911489    2.2445593584
  -0.1785856038    0.4339703151    2.2445593584
   1.3833958570    1.3357807320   -2.0800912075
  -0.1785856038    2.2375911489   -2.0800912075
   0.3420748831    1.3357807320   -2.3177659246
   0.9460821676    2.3739054506    2.3659224437
   1.9179817432    2.3739054506    2.1440927078
   1.4320319554    3.2155951730    2.1440927078
   0.4601323798    3.2155951730    2.1440927078
   2.3629156691    3.4032952446    1.5225395999
   1.4872644088    4.0394931250    1.5225395999
   0.4048999264    4.0394931250    1.5225395999
   2.8797751471    3.3887858164    0.6243693358
   2.1866438452    4.1711693210    0.6243693358
   1.2093148134    4.5418213323    0.6243693358
   2.8797751471    3.3887858164   -0.3725244484
   2.1866438452    4.1711693210   -0.3725244484
   1.2093148134    4.5418213323   -0.3725244484
   2.3629156691    3.4032952446   -1.2706947125
   1.4872644088    4.0394931250   -1.2706947125
   0.4048999264    4.0394931250   -1.2706947125
   1.9179817432    2.3739054506   -1.8922478204
   1.4320319554    3.2155951730   -1.8922478204
   0.4601323798    3.2155951730   -1.8922478204
   0.9460821676    2.3739054506   -2.1140775563
  -1.0492533288    1.2704809843    2.5614832750
  -0.5285928419    2.1722914012    2.3238085580
  -0.5285928419    0.3686705674    2.3238085580
  -0.5285928419    2.1722914012   -2.0008420079
  -2.0905743027    1.2704809843   -2.0008420079
  -0.5285928419    0.3686705674   -2.0008420079
  -1.0492533288    1.2704809843   -2.2385167250
  -1.8232612236    0.1149645413    2.5197124536
  -0.7819402497    0.1149645413    2.2820377366
  -2.3439217106   -0.7868458756    2.2820377366
  -2.3439217106    1.0167749581   -2.0426128293
  -2.8645821975    0.1149645413   -2.0426128293
  -1.8232612236    0.1149645413   -2.2802875464
  -3.0178699144    0.1732698868    2.4372153424
  -3.5038197022    1.0149596092    2.2153856065
  -3.9897694900    0.1732698868    2.2153856065
  -3.5038197022   -0.6684198356    2.2153856065
  -4.4347034160    1.2026596808    1.5938324985
  -4.7691724351    0.1732698868    1.5938324985
  -4.4347034160   -0.8561199072    1.5938324985
  -4.6524965214    1.6214226936    0.6956622344
  -5.1382500592    0.6958966537    0.6956622344
  -5.1382500592   -0.3493568801    0.6956622344
  -4.6524965214   -1.2748829199    0.6956622344
  -4.6524965214    1.6214226936   -0.3012315497
  -5.1382500592    0.6958966537   -0.3012315497
  -5.1382500592   -0.3493568801   -0.3012315497
  -4.6524965214   -1.2748829199   -0.3012315497
  -4.4347034160    1.2026596808   -1.1994018138
  -4.7691724351    0.1732698868   -1.1994018138
  -4.4347034160   -0.8561199072   -1.1994018138
  -3.5038197022    1.0149596092   -1.8209549217
  -3.9897694900    0.1732698868   -1.8209549217
  -3.5038197022   -0.6684198356   -1.8209549217
  -3.0178699144    0.1732698868   -2.0427846576
  -1.1763331001   -1.0877556954    2.3874062302
  -0.6556726131   -1.9895661122    2.1497315132
  -0.6556726131   -0.1859452785   -2.1749190528
  -0.6556726131   -1.9895661122   -2.1749190528
  -1.1763331001   -1.0877556954   -2.4125937698
  -0.9380110082   -2.3043280307    2.1055935734
  -3.4381902480   -4.1336784344    0.4773185320
  -2.4999924691   -4.5854906722    0.4773185320
  -3.4381902480   -4.1336784344   -0.5907819510
  -2.4999924691   -4.5854906722   -0.5907819510
  -2.2463709125   -4.1616245873   -1.5531072340
  -0.9380110082   -2.3043280307   -2.2190569925
  -1.4586714952   -3.2061384475   -2.2190569925
  -0.7595046633    2.5189152193    2.4658378480
  -2.0678645675    4.3762117760    1.7998880895
  -2.3214861241    4.8000778608    0.8375628065
  -3.2596839031    4.3482656230    0.8375628065
  -2.3214861241    4.8000778608   -0.2305376764
  -1.2801651502    3.4207256362   -1.8588127179
   5.2521720289   -0.1667951572    1.3887120150
   4.7721720289   -0.9981795449    1.3887120150
   5.9549408041   -0.1667951572    0.6859432398
   5.6373802258    0.8105558068    0.6859432398
   4.8059958381   -1.7481822360    0.6859432398
   5.6373802258   -1.1441461213    0.6859432398
   6.2121720289   -0.1667951572   -0.2740567602
   5.9549408041    0.7932048428   -0.2740567602
   5.2521720289   -1.8295639325   -0.2740567602
   5.9549408041   -1.1267951572   -0.2740567602
   5.9549408041   -0.1667951572   -1.2340567602
   5.6373802258    0.8105558068   -1.2340567602
   4.8059958381   -1.7481822360   -1.2340567602
   5.6373802258   -1.1441461213   -1.2340567602
   5.2521720289   -0.1667951572   -1.9368255355
   4.7721720289   -0.9981795449   -1.9368255355
   5.0416004416    2.1214228771   -0.9981036980
   4.3388316663    2.8241916524   -0.9981036980
   3.3788316663    3.0814228771   -0.9981036980
   5.0416004416    1.1614228771   -1.9581036980
   4.7240398632    2.1387738412   -1.9581036980
   3.8926554756    2.7428099560   -1.9581036980
   2.8650078570    2.7428099560   -1.9581036980
   2.0336234694    2.1387738412   -1.9581036980
   4.3388316663    1.1614228771   -2.6608724733
   3.8588316663    1.9928072648   -2.6608724733
   2.8988316663    1.9928072648   -2.6608724733
   2.4188316663    1.1614228771   -2.6608724733
   2.8988316663    0.3300384895   -2.6608724733
   3.8588316663    0.3300384895   -2.6608724733
   3.3788316663    1.1614228771   -2.9181036980
   3.4854129737    1.0261388070    2.6700320740
   4.4454129737    1.0261388070    2.4128008493
   3.9654129737    1.8575231947    2.4128008493
   3.0054129737    1.8575231947    2.4128008493
   2.5254129737    1.0261388070    2.4128008493
   3.0054129737    0.1947544194    2.4128008493
   3.9654129737    0.1947544194    2.4128008493
   5.1481817490    1.0261388070    1.7100320740
   4.8306211706    2.0034897711    1.7100320740
   3.9992367830    2.6075258858    1.7100320740
   2.9715891645    2.6075258858    1.7100320740
   5.1481817490    1.9861388070    0.7500320740
   4.4454129737    2.6889075823    0.7500320740
   3.4854129737    2.9461388070    0.7500320740
   4.0317311266   -2.2960374801    1.2987781440
   3.5517311266   -3.1274218677    1.2987781440
   4.7344999019   -2.2960374801    0.5960093687
   3.5855549359   -3.8774245589    0.5960093687
   4.4169393235   -3.2733884442    0.5960093687
   4.9917311266   -2.2960374801   -0.3639906313
   3.0717311266   -4.2160374801   -0.3639906313
   4.0317311266   -3.9588062554   -0.3639906313
   4.7344999019   -3.2560374801   -0.3639906313
   4.7344999019   -2.2960374801   -1.3239906313
   2.5579073173   -3.8774245589   -1.3239906313
   3.5855549359   -3.8774245589   -1.3239906313
   4.4169393235   -3.2733884442   -1.3239906313
   4.0317311266   -2.2960374801   -2.0267594066
   3.5517311266   -3.1274218677   -2.0267594066
  -0.8279737079   -3.9720298530    1.5014757015
  -1.8217975172   -4.7220325442    0.7987069262
  -0.7941498986   -4.7220325442    0.7987069262
  -2.2679737079   -4.8034142407   -0.1612930738
  -1.3079737079   -5.0606454654   -0.1612930738
  -0.3479737079   -4.8034142407   -0.1612930738
  -1.8217975172   -4.7220325442   -1.1212930738
  -0.7941498986   -4.7220325442   -1.1212930738
  -1.7879737079   -3.9720298530   -1.8240618491
  -0.8279737079   -3.9720298530   -1.8240618491
  -2.5542594284   -2.4022227786    2.7732328774
  -1.5942594284   -2.4022227786    2.5160016526
  -2.0742594284   -1.5708383910    2.5160016526
  -3.0342594284   -1.5708383910    2.5160016526
  -3.5142594284   -2.4022227786    2.5160016526
  -3.0342594284   -3.2336071662    2.5160016526
  -2.0742594284   -3.2336071662    2.5160016526
  -3.8994676253   -1.4248718145    1.8132328774
  -4.2170282036   -2.4022227786    1.8132328774
  -3.8994676253   -3.3795737427    1.8132328774
  -3.0680832376   -3.9836098574    1.8132328774
  -2.0404356191   -3.9836098574    1.8132328774
  -4.4742594284   -2.4022227786    0.8532328774
  -4.2170282036   -3.3622227786    0.8532328774
  -3.5142594284   -4.0649915539    0.8532328774
  -4.3230214628   -1.3088362179   -0.8953455014
  -4.5802526876   -2.2688362179   -0.8953455014
  -4.3230214628   -3.2288362179   -0.8953455014
  -3.6202526876   -3.9316049932   -0.8953455014
  -4.0054608845   -1.2914852538   -1.8553455014
  -4.3230214628   -2.2688362179   -1.8553455014
  -4.0054608845   -3.2461871820   -1.8553455014
  -3.1740764968   -3.8502232967   -1.8553455014
  -1.7002526876   -2.2688362179   -2.5581142767
  -2.1802526876   -1.4374518303   -2.5581142767
  -3.1402526876   -1.4374518303   -2.5581142767
  -3.6202526876   -2.2688362179   -2.5581142767
  -3.1402526876   -3.1002206056   -2.5581142767
  -2.1802526876   -3.1002206056   -2.5581142767
  -2.6602526876   -2.2688362179   -2.8153455014
  -2.3746280961    2.5006376215    3.1389607889
  -1.4146280961    2.5006376215    2.8817295642
  -1.8946280961    3.3320220091    2.8817295642
  -2.8546280961    3.3320220091    2.8817295642
  -3.3346280961    2.5006376215    2.8817295642
  -2.8546280961    1.6692532339    2.8817295642
  -1.8946280961    1.6692532339    2.8817295642
  -1.8608042868    4.0820247003    2.1789607889
  -2.8884519053    4.0820247003    2.1789607889
  -3.7198362930    3.4779885856    2.1789607889
  -4.0373968713    2.5006376215    2.1789607889
  -3.7198362930    1.5232866574    2.1789607889
  -3.3346280961    4.1634063968    1.2189607889
  -4.0373968713    3.4606376215    1.2189607889
  -4.2946280961    2.5006376215    1.2189607889
  -3.4412850985    4.2977479690   -0.5278041821
  -4.1440538738    3.5949791938   -0.5278041821
  -4.4012850985    2.6349791938   -0.5278041821
  -1.9674612893    4.2163662726   -1.4878041821
  -2.9951089078    4.2163662726   -1.4878041821
  -3.8264932954    3.6123301578   -1.4878041821
  -4.1440538738    2.6349791938   -1.4878041821
  -3.8264932954    1.6576282297   -1.4878041821
  -1.5212850985    2.6349791938   -2.1905729574
  -2.0012850985    3.4663635814   -2.1905729574
  -2.9612850985    3.4663635814   -2.1905729574
  -3.4412850985    2.6349791938   -2.1905729574
  -2.9612850985    1.8035948061   -2.1905729574
  -2.0012850985    1.8035948061   -2.1905729574
  -2.4812850985    2.6349791938   -2.4478041821
  -0.1332865232    3.3286766701    1.9854397716
  -0.6132865232    4.1600610577    1.9854397716
   0.2519216737    4.3060276342    1.2826709964
  -0.5794627139    4.9100637489    1.2826709964
  -1.6071103325    4.9100637489    1.2826709964
  -0.1332865232    4.9914454454    0.3226709964
  -1.0932865232    5.2486766701    0.3226709964
  -2.0532865232    4.9914454454    0.3226709964
  -0.5794627139    4.9100637489   -0.6373290036
  -1.6071103325    4.9100637489   -0.6373290036
  -0.6132865232    4.1600610577   -1.3400977789
   3.9387059472   -0.4280599136    2.3225247964
   5.3312716227    0.4667567363    1.7372383679
   4.2151887998   -1.2699020349    1.7372383679
   5.0281947234   -0.5654283919    1.7372383679
   5.6695273940    1.5490687626    0.8612953260
   5.9165580512    1.5000020037   -0.1719499414
   5.3312716227    2.3759450455   -0.1719499414
   4.4553285809    2.9612314741   -0.1719499414
   3.4220833135    3.1667567363   -0.1719499414
   5.6695273940    1.5490687626   -1.2051952087
   5.3312716227    0.4667567363   -2.0811382506
   3.9387059472   -0.4280599136   -2.6664246791
   2.2402734895   -0.3760328863    2.5348211449
   1.7236508558    0.5187837636   -2.6596535929
   2.2402734895   -0.3760328863   -2.8651788551
   2.1866347925   -1.7005525428    2.4358711997
   3.2198800599   -1.7005525428    2.2303459375
   2.7032574262   -2.5953691927    2.2303459375
   4.0958231018   -1.7005525428    1.6450595089
   2.9797402788   -3.4372113140    1.6450595089
   3.7927462025   -2.7327376710    1.6450595089
   2.7417076409   -4.1324855909    0.7691164671
   4.0958231018   -1.7005525428   -2.1733171095
   3.2198800599   -1.7005525428   -2.7586035381
   2.7032574262   -2.5953691927   -2.7586035381
   2.1866347925   -1.7005525428   -2.9641288003
   0.9733282318   -2.1934881565    2.4713332413
   0.4567055982   -3.0883048064    2.2658079790
   1.4899508655   -3.0883048064    2.2658079790
  -0.2769242256   -3.6363564085    1.6805215505
   0.7016224064   -4.0832436815    1.6805215505
   1.7664337181   -3.9301469277    1.6805215505
   0.4182553835   -4.6254212046    0.8045785086
   1.5284010802   -4.6254212046    0.8045785086
   0.9733282318   -4.8934881565   -0.2286667587
   2.0065734992   -4.6879628943   -0.2286667587
   0.4182553835   -4.6254212046   -1.2619120261
   1.5284010802   -4.6254212046   -1.2619120261
  -0.2769242256   -3.6363564085   -2.1378550679
   0.7016224064   -4.0832436815   -2.1378550679
   1.7664337181   -3.9301469277   -2.1378550679
  -0.0599170355   -2.1934881565   -2.7231414965
   0.4567055982   -3.0883048064   -2.7231414965
   1.4899508655   -3.0883048064   -2.7231414965
   0.9733282318   -2.1934881565   -2.9286667587
   0.1900453810   -1.1069355422    2.6029246019
   1.2232906484   -1.1069355422    2.3973993397
  -0.3265772527   -0.2121188923    2.3973993397
  -0.3265772527   -2.0017521921    2.3973993397
  -0.3265772527   -0.2121188923   -2.5915501359
  -0.3265772527   -2.0017521921   -2.5915501359
   0.1900453810   -1.1069355422   -2.7970753981
   0.9236313256    0.0337617980    2.6459156436
  -0.1096139418    0.0337617980    2.4403903813
   1.4402539593   -0.8610548519    2.4403903813
   1.4402539593    0.9285784479   -2.5485590942
  -0.1096139418    0.0337617980   -2.5485590942
   0.9236313256    0.0337617980   -2.7540843564
   0.3420748831    1.3357807320    2.7822340754
   1.3753201505    1.3357807320    2.5767088132
  -0.1745477506    2.2305973819    2.5767088132
   1.3753201505    1.3357807320   -2.4122406623
   0.8586975168    2.2305973819   -2.4122406623
  -0.1745477506    2.2305973819   -2.4122406623
   0.3420748831    1.3357807320   -2.6177659246
   0.9460821676    2.3739054506    2.6459224437
   2.0394691902    2.3739054506    2.3963639908
   1.4927756789    3.3208063883    2.3963639908
   0.3993886563    3.3208063883    2.3963639908
   2.6035327793    3.4390842803    1.6971167444
   1.7645391969    4.1660763578    1.6971167444
   0.6656912907    4.3240668351    1.6971167444
   3.1595990048    3.4398789778    0.6866751973
   2.4778833468    4.2947233745    0.6866751973
   1.4927756789    4.7691262242    0.6866751973
   3.1595990048    3.4398789778   -0.4348303099
   2.4778833468    4.2947233745   -0.4348303099
   1.4927756789    4.7691262242   -0.4348303099
   0.3993886563    4.7691262242   -0.4348303099
   2.6035327793    3.4390842803   -1.4452718570
   1.7645391969    4.1660763578   -1.4452718570
   0.6656912907    4.3240668351   -1.4452718570
   1.4927756789    3.3208063883   -2.1445191034
   0.3993886563    3.3208063883   -2.1445191034
   0.9460821676    2.3739054506   -2.3940775563
  -1.0492533288    1.2704809843    2.8614832750
  -0.5326306951    0.3756643344    2.6559580128
  -2.0824985962    1.2704809843   -2.3329914627
  -0.5326306951    0.3756643344   -2.3329914627
  -1.0492533288    1.2704809843   -2.5385167250
  -1.8232612236    0.1149645413    2.8197124536
  -0.7900159562    0.1149645413    2.6141871914
  -2.3398838573   -0.7798521086    2.6141871914
  -2.3398838573    1.0097811912   -2.3747622841
  -2.8565064910    0.1149645413   -2.3747622841
  -1.8232612236    0.1149645413   -2.5802875464
  -3.0178699144    0.1732698868    2.7172153424
  -3.5645634257    1.1201708245    2.4676568895
  -4.1112569370    0.1732698868    2.4676568895
  -3.5645634257   -0.7736310509    2.4676568895
  -4.3080865753    1.6622592883    1.7684096430
  -4.9082776856    0.7283436909    1.7684096430
  -4.9082776856   -0.3818039173    1.7684096430
  -4.3080865753   -1.3157195146    1.7684096430
  -4.5496710936    2.0940878107    0.7579680959
  -5.2313867517    1.2392434140    0.7579680959
  -5.4746882531    0.1732698868    0.7579680959
  -5.2313867517   -0.8927036403    0.7579680959
  -5.2313867517    1.2392434140   -0.3635374112
  -5.4746882531    0.1732698868   -0.3635374112
  -5.2313867517   -0.8927036403   -0.3635374112
  -4.3080865753    1.6622592883   -1.3739789583
  -4.9082776856    0.7283436909   -1.3739789583
  -4.9082776856   -0.3818039173   -1.3739789583
  -3.5645634257    1.1201708245   -2.0732262048
  -4.1112569370    0.1732698868   -2.0732262048
  -3.0178699144    0.1732698868   -2.3227846576
  -1.1763331001   -1.0877556954    2.6874062302
  -0.6597104664   -1.9825723452    2.4818809680
  -0.6597104664   -0.1929390455   -2.5070685076
  -0.6597104664   -1.9825723452   -2.5070685076
  -1.1763331001   -1.0877556954   -2.7125937698
  -0.9460867147   -2.3043280307    2.4377430283
  -1.1862264958   -4.0409868019    1.8524565997
  -0.3732205722   -3.3365131588    1.8524565997
  -2.5344048305   -4.7362610788    0.9765135579
  -4.6793319821   -2.3043280307   -0.0567317095
  -4.4738067199   -3.3375732981   -0.0567317095
  -3.8885202913   -4.2135163399   -0.0567317095
  -3.0125772495   -4.7988027684   -0.0567317095
  -3.5346115421   -4.2545869129   -1.0899769769
  -2.5344048305   -4.7362610788   -1.0899769769
  -2.2510378076   -4.1940835557   -1.9659200187
  -0.9460867147   -2.3043280307   -2.5512064473
  -1.4627093484   -3.1991446806   -2.5512064473
  -0.7675803698    2.5189152193    2.7979873028
  -2.0725314626    4.4086707443    2.2127008743
  -2.3558984856    4.9508482674    1.3367578324
  -3.3561051972    4.4691741015    1.3367578324
  -2.8340709046    5.0133899571    0.3035125650
  -3.7100139464    4.4281035285    0.3035125650
  -4.2953003750    3.5521604867    0.3035125650
  -4.5008256372    2.5189152193    0.3035125650
  -2.3558984856    4.9508482674   -0.7297327023
  -1.2842030035    3.4137318692   -2.1909621727
   5.3721720289   -0.1667951572    1.5965581119
   4.8321720289   -1.1021025933    1.5965581119
   6.1627869010   -0.1667951572    0.8059432398
   5.0692535303   -1.8683662960    0.8059432398
   5.8658333987   -1.1781259109    0.8059432398
   6.4521720289   -0.1667951572   -0.2740567602
   6.2047570443    0.8370068944   -0.2740567602
   5.5191918818   -1.9444403076   -0.2740567602
   6.2047570443   -1.1705972089   -0.2740567602
   6.1627869010   -0.1667951572   -1.3540567602
   5.8658333987    0.8445355964   -1.3540567602
   5.0692535303   -1.8683662960   -1.3540567602
   5.8658333987   -1.1781259109   -1.3540567602
   5.3721720289   -0.1667951572   -2.1446716324
   4.8321720289   -1.1021025933   -2.1446716324
   4.6058515193    2.9390680275   -0.9981036980
   3.6391908957    3.3056740452   -0.9981036980
   5.2494465385    1.1614228771   -2.0781036980
   4.9524930361    2.1727536308   -2.0781036980
   4.1559131678    2.8629940159   -2.0781036980
   3.1126154133    3.0129975871   -2.0781036980
   2.1538394382    2.5751392706   -2.0781036980
   4.4588316663    1.1614228771   -2.8687185702
   3.9188316663    2.0967303132   -2.8687185702
   2.8388316663    2.0967303132   -2.8687185702
   2.2988316663    1.1614228771   -2.8687185702
   2.8388316663    0.2261154411   -2.8687185702
   3.9188316663    0.2261154411   -2.8687185702
   3.3788316663    1.1614228771   -3.1581036980
   3.4854129737    1.0261388070    2.9100320740
   4.5654129737    1.0261388070    2.6206469462
   4.0254129737    1.9614462431    2.6206469462
   2.9454129737    1.9614462431    2.6206469462
   2.4054129737    1.0261388070    2.6206469462
   2.9454129737    0.0908313710    2.6206469462
   4.0254129737    0.0908313710    2.6206469462
   5.3560278459    1.0261388070    1.8300320740
   5.0590743435    2.0374695607    1.8300320740
   4.2624944752    2.7277099458    1.8300320740
   3.2191967207    2.8777135170    1.8300320740
   4.7124328267    2.8037839574    0.7500320740
   3.7457722031    3.1703899751    0.7500320740
   4.1517311266   -2.2960374801    1.5066242409
   3.6117311266   -3.2313449162    1.5066242409
   4.9423459988   -2.2960374801    0.7160093687
   2.8055148736   -4.1476121901    0.7160093687
   3.8488126281   -3.9976086188    0.7160093687
   4.6453924964   -3.3073682337    0.7160093687
   5.2317311266   -2.2960374801   -0.3639906313
   3.3320903560   -4.4402886481   -0.3639906313
   4.2987509796   -4.0736826304   -0.3639906313
   4.9843161420   -3.2998395317   -0.3639906313
   4.9423459988   -2.2960374801   -1.4439906313
   2.8055148736   -4.1476121901   -1.4439906313
   3.8488126281   -3.9976086188   -1.4439906313
   4.6453924964   -3.3073682337   -1.4439906313
   4.1517311266   -2.2960374801   -2.2346055035
   3.6117311266   -3.2313449162   -2.2346055035
  -0.7679737079   -4.0759529015    1.7093217984
  -1.5741899609   -4.9922201754    0.9187069262
  -0.5308922065   -4.8422166041    0.9187069262
  -2.0739202639   -5.1602805496   -0.1612930738
  -1.0476144786   -5.2848966334   -0.1612930738
  -0.0809538550   -4.9182906157   -0.1612930738
  -1.5741899609   -4.9922201754   -1.2412930738
  -0.5308922065   -4.8422166041   -1.2412930738
  -0.7679737079   -4.0759529015   -2.0319079460
  -2.5542594284   -2.4022227786    3.0132328774
  -1.4742594284   -2.4022227786    2.7238477496
  -2.0142594284   -1.4669153425    2.7238477496
  -3.0942594284   -1.4669153425    2.7238477496
  -3.6342594284   -2.4022227786    2.7238477496
  -3.0942594284   -3.3375302147    2.7238477496
  -2.0142594284   -3.3375302147    2.7238477496
  -4.3491012546   -1.8752096678    1.9332328774
  -4.3491012546   -2.9292358894    1.9332328774
  -3.7792516565   -3.8159391720    1.9332328774
  -2.8204756814   -4.2537974886    1.9332328774
  -4.6514937540   -1.8853009437    0.8532328774
  -4.6514937540   -2.9191446135    0.8532328774
  -4.1710426444   -3.8345677204    0.8532328774
  -4.7574870132   -1.7519143831   -0.8953455014
  -4.7574870132   -2.7857580528   -0.8953455014
  -4.2770359036   -3.7011811597   -0.8953455014
  -3.8852449157   -0.8551198245   -1.9753455014
  -4.4550945137   -1.7418231071   -1.9753455014
  -4.4550945137   -2.7958493287   -1.9753455014
  -3.8852449157   -3.6825526113   -1.9753455014
  -2.9264689406   -4.1204109279   -1.9753455014
  -1.5802526876   -2.2688362179   -2.7659603736
  -2.1202526876   -1.3335287818   -2.7659603736
  -3.2002526876   -1.3335287818   -2.7659603736
  -3.7402526876   -2.2688362179   -2.7659603736
  -3.2002526876   -3.2041436540   -2.7659603736
  -2.1202526876   -3.2041436540   -2.7659603736
  -2.6602526876   -2.2688362179   -3.0553455014
  -2.3746280961    2.5006376215    3.3789607889
  -1.2946280961    2.5006376215    3.0895756611
  -1.8346280961    3.4359450576    3.0895756611
  -2.9146280961    3.4359450576    3.0895756611
  -3.4546280961    2.5006376215    3.0895756611
  -2.9146280961    1.5653301854    3.0895756611
  -1.8346280961    1.5653301854    3.0895756611
  -2.6408443491    4.3522123315    2.2989607889
  -3.5996203242    3.9143540149    2.2989607889
  -4.1694699223    3.0276507323    2.2989607889
  -4.1694699223    1.9736245107    2.2989607889
  -3.9914113121    3.9329825633    1.2189607889
  -4.4718624217    3.0175594564    1.2189607889
  -4.4718624217    1.9837157867    1.2189607889
  -3.2472316545    4.6546142780   -0.5278041821
  -4.0980683146    4.0673241356   -0.5278041821
  -4.5785194242    3.1519010286   -0.5278041821
  -4.5785194242    2.1180573589   -0.5278041821
  -2.7475013515    4.4865539037   -1.6078041821
  -3.7062773267    4.0486955872   -1.6078041821
  -4.2761269247    3.1619923046   -1.6078041821
  -4.2761269247    2.1079660830   -1.6078041821
  -1.4012850985    2.6349791938   -2.3984190543
  -1.9412850985    3.5702866299   -2.3984190543
  -3.0212850985    3.5702866299   -2.3984190543
  -3.5612850985    2.6349791938   -2.3984190543
  -3.0212850985    1.6996717577   -2.3984190543
  -1.9412850985    1.6996717577   -2.3984190543
  -2.4812850985    2.6349791938   -2.6878041821
  -0.5532865232    4.2639841062    2.1932858685
  -0.3162050218    5.0302478088    1.4026709964
  -1.3595027762    5.1802513801    1.4026709964
   0.1337333297    5.1063218204    0.3226709964
  -0.8329272938    5.4729278381    0.3226709964
  -1.8592330792    5.3483117543    0.3226709964
  -0.3162050218    5.0302478088   -0.7573290036
  -1.3595027762    5.1802513801   -0.7573290036
  -0.5532865232    4.2639841062   -1.5479438758
   3.9351135285   -0.4218376619    2.6471279210
   4.2231541832   -1.2873437917    2.1261833880
   5.0443253560   -0.5757949200    2.1261833880
   6.0201595248    0.4667567363    1.3280500586
   5.7955440350    1.5234895329    1.3280500586
   6.1770009564    1.5340175170    0.3489945916
   5.6054284471    2.4571388154    0.3489945916
   4.7389830792    3.1114479849    0.3489945916
   3.6946831007    3.4085769465    0.3489945916
   6.1770009564    1.5340175170   -0.6928944744
   5.6054284471    2.4571388154   -0.6928944744
   5.7955440350    1.5234895329   -1.6719499414
   5.3504461425    0.4667567363   -2.4700832707
   4.2231541832   -1.2873437917   -2.4700832707
   3.9351135285   -0.4218376619   -2.9910278037
   2.2402734895   -0.3760328863    2.8348211449
   2.7533037045   -1.2646272845    2.6538990073
   1.7272432745    0.5125615119   -2.9842567175
   2.2402734895   -0.3760328863   -3.1651788551
   2.1866347925   -1.7005525428    2.7358711997
   3.2126952225   -1.7005525428    2.5549490621
   2.6996650075   -2.5891469410    2.5549490621
   4.1149976216   -1.7005525428    2.0340045291
   2.9877056623   -3.4546530708    2.0340045291
   3.8088768351   -2.7431041991    2.0340045291
   2.9894844945   -4.1714698535    1.2358711997
   4.1149976216   -1.7005525428   -2.5622621296
   2.9877056623   -3.4546530708   -2.5622621296
   3.2126952225   -1.7005525428   -3.0832066626
   1.6736045776   -0.8119581447   -3.0832066626
   2.6996650075   -2.5891469410   -3.0832066626
   2.1866347925   -1.7005525428   -3.2641288003
   0.9733282318   -2.1934881565    2.7713332413
   0.4602980169   -3.0820825547    2.5904111036
   1.4863584468   -3.0820825547    2.5904111036
  -0.2894808657   -3.6508475438    2.0694665706
   0.6988935877   -4.1022230324    2.0694665706
   1.7743991015   -3.9475886845    2.0694665706
   0.7017553180   -4.7773318345    1.2713332413
   1.7761779338   -4.6644054671    1.2713332413
   0.1648119288   -5.0351282078    0.2922777743
   1.2459280191   -5.1353083668    0.2922777743
   2.2902279976   -4.8381794051    0.2922777743
   0.1648119288   -5.0351282078   -0.7496112917
   1.2459280191   -5.1353083668   -0.7496112917
   2.2902279976   -4.8381794051   -0.7496112917
   0.7017553180   -4.7773318345   -1.7286667587
   1.7761779338   -4.6644054671   -1.7286667587
  -0.2894808657   -3.6508475438   -2.5268000881
   0.6988935877   -4.1022230324   -2.5268000881
   1.7743991015   -3.9475886845   -2.5268000881
  -0.0527321981   -2.1934881565   -3.0477446211
   0.4602980169   -3.0820825547   -3.0477446211
   1.4863584468   -3.0820825547   -3.0477446211
   0.9733282318   -2.1934881565   -3.2286667587
   0.1900453810   -1.1069355422    2.9029246019
   1.2161058110   -1.1069355422    2.7220024642
  -0.3229848340   -1.9955299404    2.7220024642
  -0.3229848340   -0.2183411440   -2.9161532605
   0.1900453810   -1.1069355422   -3.0970753981
   0.9236313256    0.0337617980    2.9459156436
  -0.1024291044    0.0337617980    2.7649935059
   1.4366615406   -0.8548326001    2.7649935059
   1.4366615406    0.9223561962   -2.8731622188
  -0.1024291044    0.0337617980   -2.8731622188
   0.9236313256    0.0337617980   -3.0540843564
   0.3420748831    1.3357807320    3.0822340754
   1.3681353131    1.3357807320    2.9013119378
  -0.1709553319    2.2243751302    2.9013119378
   1.3681353131    1.3357807320   -2.7368437869
   0.8551050981    2.2243751302   -2.7368437869
  -0.1709553319    2.2243751302   -2.7368437869
   0.3420748831    1.3357807320   -2.9177659246
   0.9460821676    2.3739054506    2.9259224437
   2.0175957782    2.3739054506    2.7127851347
   1.4818389729    3.3018634579    2.7127851347
   0.4103253623    3.3018634579    2.7127851347
   2.6607249875    3.3638549443    2.1058214310
   1.9360316612    4.0885482706    2.1058214310
   0.9460821676    4.3538044380    2.1058214310
   3.3092988285    3.4260772977    1.1974360543
   2.6770311686    4.2963190737    1.1974360543
   1.7454667012    4.8341580697    1.1974360543
   0.6756813858    4.9465970372    1.1974360543
   3.0153071358    4.2602532528    0.1259224437
   2.1941495638    4.8803626664    0.1259224437
   1.2044335741    5.1619611443    0.1259224437
   2.6770311686    4.2963190737   -0.9455911669
   1.7454667012    4.8341580697   -0.9455911669
   0.6756813858    4.9465970372   -0.9455911669
   2.6607249875    3.3638549443   -1.8539765436
   1.9360316612    4.0885482706   -1.8539765436
   0.9460821676    4.3538044380   -1.8539765436
  -0.0438673261    4.0885482706   -1.8539765436
   1.4818389729    3.3018634579   -2.4609402473
   0.4103253623    3.3018634579   -2.4609402473
   0.9460821676    2.3739054506   -2.6740775563
  -1.0492533288    1.2704809843    3.1614832750
  -0.5362231138    0.3818865861    2.9805611374
  -2.0753137588    1.2704809843   -2.6575945873
  -0.5362231138    0.3818865861   -2.6575945873
  -1.0492533288    1.2704809843   -2.8385167250
  -1.8232612236    0.1149645413    3.1197124536
  -0.7972007936    0.1149645413    2.9387903160
  -2.3362914386   -0.7736298569    2.9387903160
  -2.3362914386    1.0035589394   -2.6993654087
  -2.8493216536    0.1149645413   -2.6993654087
  -1.8232612236    0.1149645413   -2.8802875464
  -3.0178699144    0.1732698868    2.9972153424
  -3.5536267197    1.1012278941    2.7840780334
  -4.0893835250    0.1732698868    2.7840780334
  -3.5536267197   -0.7546881205    2.7840780334
  -4.7325127344    1.1632193805    2.1771143297
  -4.9977689017    0.1732698868    2.1771143297
  -4.7325127344   -0.8166796068    2.1771143297
  -5.1106857936    1.6937896263    1.2687289530
  -5.5482034491    0.7111088828    1.2687289530
  -5.5482034491   -0.3645691092    1.2687289530
  -5.1106857936   -1.3472498527    1.2687289530
  -5.3984778945    1.6472799429    0.1972153424
  -5.7701945935    0.6877685367    0.1972153424
  -5.7701945935   -0.3412287631    0.1972153424
  -5.3984778945   -1.3007401692    0.1972153424
  -5.1106857936    1.6937896263   -0.8742982683
  -5.5482034491    0.7111088828   -0.8742982683
  -5.5482034491   -0.3645691092   -0.8742982683
  -5.1106857936   -1.3472498527   -0.8742982683
  -4.7325127344    1.1632193805   -1.7826836450
  -4.9977689017    0.1732698868   -1.7826836450
  -4.7325127344   -0.8166796068   -1.7826836450
  -3.5536267197    1.1012278941   -2.3896473487
  -4.0893835250    0.1732698868   -2.3896473487
  -1.1763331001   -1.0877556954    2.9874062302
  -0.6633028851   -1.9763500935    2.8064840926
  -0.6633028851   -0.1991612972   -2.8316716321
  -1.1763331001   -1.0877556954   -3.0125937698
  -0.9532715521   -2.3043280307    2.7623461528
  -1.1782611124   -4.0584285586    2.2414016198
  -0.3570899396   -3.3468796869    2.2414016198
  -2.2509048959   -4.8881717087    1.4432682905
  -4.8834505708   -2.8472018799    0.4642128235
  -4.4912332631   -3.8596314570    0.4642128235
  -3.7597697685   -4.6620086881    0.4642128235
  -2.7878482851   -5.1459680820    0.4642128235
  -4.4912332631   -3.8596314570   -0.5776762425
  -3.7597697685   -4.6620086881   -0.5776762425
  -2.7878482851   -5.1459680820   -0.5776762425
  -3.2783700878   -4.5543280307   -1.5567317095
  -2.2509048959   -4.8881717087   -1.5567317095
  -2.2537666263   -4.2130629066   -2.3548650389
  -0.9532715521   -2.3043280307   -2.8758095719
  -1.4663017671   -3.1929224288   -2.8758095719
  -0.7747652072    2.5189152193    3.1225904274
  -0.1785835947    3.5614668756    2.6016458944
  -0.9997547675    4.2730157473    2.6016458944
  -2.0723985510    5.1027588973    1.8035125650
  -3.0998637429    4.7689152193    1.8035125650
  -2.6093419402    5.3605552706    0.8244570981
  -3.5812634236    4.8765958767    0.8244570981
  -4.3127269182    4.0742186456    0.8244570981
  -4.7049442259    3.0617890686    0.8244570981
  -2.6093419402    5.3605552706   -0.2174319680
  -3.5812634236    4.8765958767   -0.2174319680
  -2.0723985510    5.1027588973   -1.1964874350
  -0.9997547675    4.2730157473   -1.9946207643
  -1.2877954222    3.4075096175   -2.5155652973
   6.1685675868   -0.1667951572    1.2223187642
   5.0716549140   -1.8736245927    1.2223187642
   5.8706964210   -1.1812511855    1.2223187642
   6.6319990181   -0.1667951572    0.2599934813
   6.4002833025    0.8484177257    0.2599934813
   5.7510302948   -1.9961455610    0.2599934813
   6.4002833025   -1.1820080402    0.2599934813
   6.6319990181   -0.1667951572   -0.8081070017
   6.4002833025    0.8484177257   -0.8081070017
   5.7510302948   -1.9961455610   -0.8081070017
   6.4002833025   -1.1820080402   -0.8081070017
   6.1685675868   -0.1667951572   -1.7704322847
   5.0716549140   -1.8736245927   -1.7704322847
   5.8706964210   -1.1812511855   -1.7704322847
   5.3334930028   -0.1667951572   -2.4363820432
   4.8128325158   -1.0686055741   -2.4363820432
   3.8994921533    3.4425855186   -0.4640534565
   5.4869429399    2.1766357601   -1.5321539395
   4.8376899322    2.9907732809   -1.5321539395
   3.8994921533    3.4425855186   -1.5321539395
   5.2552272242    1.1614228771   -2.4944792225
   4.9573560584    2.1758789054   -2.4944792225
   4.1583145514    2.8682523126   -2.4944792225
   3.1117927360    3.0187194338   -2.4944792225
   2.1500538941    2.5795080214   -2.4944792225
   4.4201526402    1.1614228771   -3.1604289810
   3.8994921533    2.0632332940   -3.1604289810
   2.8581711794    2.0632332940   -3.1604289810
   2.3375106924    1.1614228771   -3.1604289810
   2.8581711794    0.2596124603   -3.1604289810
   3.8994921533    0.2596124603   -3.1604289810
   3.3788316663    1.1614228771   -3.3981036980
   3.4854129737    1.0261388070    3.1500320740
   4.5267339476    1.0261388070    2.9123573570
   4.0060734607    1.9279492239    2.9123573570
   2.9647524868    1.9279492239    2.9123573570
   2.4440919999    1.0261388070    2.9123573570
   2.9647524868    0.1243283902    2.9123573570
   4.0060734607    0.1243283902    2.9123573570
   5.3618085317    1.0261388070    2.2464075985
   5.0639373658    2.0405948353    2.2464075985
   4.2648958588    2.7329682425    2.2464075985
   3.2183740434    2.8834353637    2.2464075985
   5.5935242473    2.0413516900    1.2840823155
   4.9442712396    2.8554892108    1.2840823155
   4.0060734607    3.3073014485    1.2840823155
   4.9481266845   -2.2960374801    1.1323848932
   3.8512140117   -4.0028669155    1.1323848932
   4.6502555187   -3.3104935084    1.1323848932
   5.4115581159   -2.2960374801    0.1700596102
   3.5923916136   -4.5772001216    0.1700596102
   4.5305893925   -4.1253878838    0.1700596102
   5.1798424002   -3.3112503631    0.1700596102
   5.4115581159   -2.2960374801   -0.8980408728
   3.5923916136   -4.5772001216   -0.8980408728
   4.5305893925   -4.1253878838   -0.8980408728
   5.1798424002   -3.3112503631   -0.8980408728
   4.9481266845   -2.2960374801   -1.8603661558
   3.8512140117   -4.0028669155   -1.8603661558
   4.6502555187   -3.3104935084   -1.8603661558
   4.1130521005   -2.2960374801   -2.5263159143
   3.5923916136   -3.1978478970   -2.5263159143
  -1.5750126383   -4.9979420221    1.3350824507
  -0.5284908228   -4.8474749008    1.3350824507
  -1.8286341949   -5.4218081069    0.3727571677
  -0.7873132210   -5.4218081069    0.3727571677
  -1.8286341949   -5.4218081069   -0.6953433153
  -0.7873132210   -5.4218081069   -0.6953433153
  -1.5750126383   -4.9979420221   -1.6576685982
  -0.5284908228   -4.8474749008   -1.6576685982
  -0.7873132210   -4.0424558823   -2.3236183568
  -2.5542594284   -2.4022227786    3.2532328774
  -1.5129384545   -2.4022227786    3.0155581603
  -2.0335989414   -1.5004123617    3.0155581603
  -3.0749199153   -1.5004123617    3.0155581603
  -3.5955804023   -2.4022227786    3.0155581603
  -3.0749199153   -3.3040331955    3.0155581603
  -2.0335989414   -3.3040331955    3.0155581603
  -4.3546477819   -1.8735810604    2.3496084018
  -4.3546477819   -2.9308644968    2.3496084018
  -3.7830372006   -3.8203079228    2.3496084018
  -2.8212983587   -4.2595193353    2.3496084018
  -1.7747765433   -4.1090522140    2.3496084018
  -4.8940864176   -2.4022227786    1.3872831189
  -4.6623707019   -3.4174356616    1.3872831189
  -4.0131176943   -4.2315731823    1.3872831189
  -5.0000796768   -2.2688362179   -0.3612952599
  -5.0000796768   -2.2688362179   -1.4293957429
  -4.7683639611   -3.2840491009   -1.4293957429
  -4.1191109535   -4.0981866216   -1.4293957429
  -3.8890304598   -0.8507510737   -2.3917210259
  -4.4606410411   -1.7401944997   -2.3917210259
  -4.4606410411   -2.7974779361   -2.3917210259
  -3.8890304598   -3.6869213621   -2.3917210259
  -2.9272916179   -4.1261327746   -2.3917210259
  -1.6189317137   -2.2688362179   -3.0576707844
  -2.1395922006   -1.3670258010   -3.0576707844
  -3.1809131745   -1.3670258010   -3.0576707844
  -3.7015736614   -2.2688362179   -3.0576707844
  -3.1809131745   -3.1706466348   -3.0576707844
  -2.1395922006   -3.1706466348   -3.0576707844
  -2.6602526876   -2.2688362179   -3.2953455014
  -2.3746280961    2.5006376215    3.6189607889
  -1.3333071222    2.5006376215    3.3812860719
  -1.8539676091    3.4024480384    3.3812860719
  -2.8952885830    3.4024480384    3.3812860719
  -3.4159490700    2.5006376215    3.3812860719
  -2.8952885830    1.5988272046    3.3812860719
  -1.8539676091    1.5988272046    3.3812860719
  -2.6416670264    4.3579341782    2.7153363134
  -3.6034058683    3.9187227657    2.7153363134
  -4.1750164496    3.0292793397    2.7153363134
  -4.1750164496    1.9719959033    2.7153363134
  -3.8334863620    4.3299880252    1.7530110304
  -4.4827393697    3.5158505045    1.7530110304
  -4.7144550853    2.5006376215    1.7530110304
  -4.5893963721    3.6501920767    0.0062460594
  -4.8211120878    2.6349791938    0.0062460594
  -3.0019455855    4.9161418352   -1.0618544236
  -3.9401433644    4.4643295975   -1.0618544236
  -4.5893963721    3.6501920767   -1.0618544236
  -4.8211120878    2.6349791938   -1.0618544236
  -2.7483240289    4.4922757504   -2.0241797066
  -3.7100628708    4.0530643380   -2.0241797066
  -4.2816734521    3.1636209119   -2.0241797066
  -4.2816734521    2.1063374756   -2.0241797066
  -1.4399641247    2.6349791938   -2.6901294651
  -1.9606246116    3.5367896106   -2.6901294651
  -3.0019455855    3.5367896106   -2.6901294651
  -3.5226060724    2.6349791938   -2.6901294651
  -3.0019455855    1.7331687769   -2.6901294651
  -1.9606246116    1.7331687769   -2.6901294651
  -2.4812850985    2.6349791938   -2.9278041821
  -0.5726260363    4.2304870870    2.4849962793
  -0.3138036381    5.0355061055    1.8190465208
  -1.3603254536    5.1859732268    1.8190465208
   0.3655717427    5.1580270738    0.8567212379
  -0.5726260363    5.6098393116    0.8567212379
  -1.6139470101    5.6098393116    0.8567212379
   0.3655717427    5.1580270738   -0.2113792451
  -0.5726260363    5.6098393116   -0.2113792451
  -1.6139470101    5.6098393116   -0.2113792451
  -0.3138036381    5.0355061055   -1.1737045281
  -1.3603254536    5.1859732268   -1.1737045281
  -0.5726260363    4.2304870870   -1.8396542866
